%MatrixMarket matrix coordinate pattern symmetric 
50 50 97
41 1
18 2
23 3
26 4
27 5
3 6
19 7
33 8
34 9
35 10
45 11
2 11
18 12
24 12
7 12
34 12
35 12
42 13
7 14
32 15
43 16
19 17
3 17
49 18
49 19
15 20
37 20
48 21
48 21
47 21
48 22
46 23
48 24
45 24
49 25
44 26
49 27
43 2
49 29
42 30
50 30
41 31
50 32
40 32
50 33
39 33
38 34
37 35
36 35
35 35
34 35
33 35
32 35
31 35
29 35
28 35
27 35
26 35
25 35
14 35
13 35
12 35
11 35
10 35
9 35
8 35
7 35
6 36
5 37
25 38
19 38
46 38
45 38
44 38
43 38
42 39
41 40
40 41
19 42
18 43
17 44
16 45
15 46
43 47
42 47
41 48
40 48
39 49
38 49
37 49
36 49
46 49
15 49
6 49
8 49
15 49
26 50